1.0000000000000007 0.5319120387307219 -1.0524468339962862 0.0 -0.059101337636746895 0.11660520377736515 0.0 -0.00990171250064504
2.0000000000000013 -0.13075893618218334 -1.6851175671970797 0.0 0.014528770686909144 0.18656861857745313 0.0 -0.009963482508776121
2.99999999999998 -0.789575221805481 -2.0532362677441722 0.0 0.08773058020060885 0.2271373630826855 0.0 -0.009996670969189055
3.9999999999999587 -1.3967366852011607 -2.2758041306355103 0.0 0.15519296502235114 0.251533792292834 0.0 -0.01001229631264458
4.999999999999938 -1.9507174789709758 -2.409151075526245 0.0 0.21674638655233067 0.26601678616958224 0.0 -0.010020542140134057
5.9999999999999165 -2.4568883611478087 -2.482562455027563 0.0 0.2729875956830897 0.2738402727808399 0.0 -0.010025370664641136
6.999999999999895 -2.9209014957583097 -2.5129922755878056 0.0 0.3245446106398118 0.276888030620867 0.0 -0.01002843369668878
7.999999999999874 -3.3475784251118688 -2.5111119787891654 0.0 0.37195315834576287 0.2763457754210178 0.0 -0.010030499603402604
8.999999999999853 -3.740858628253806 -2.484080171847971 0.0 0.4156509586948669 0.27300890798310723 0.0 -0.010031961372474444
9.999999999999831 -4.103943346916428 -2.4369423288129584 0.0 0.45599370521293614 0.2674380365347721 0.0 -0.010033036110555225
10.99999999999981 -4.439448700523692 -2.3733972752745984 0.0 0.49327207783596544 0.26004414169717643 0.0 -0.010033851499753116
11.999999999999789 -4.749531682030254 -2.2962450226134474 0.0 0.5277257424478056 0.25113833584593753 0.0 -0.010034486585267104
12.999999999999767 -5.035987319215109 -2.2076626366666603 0.0 0.559554146579456 0.2409625151851831 0.0 -0.010034992437953033
13.999999999999746 -5.3003223676100495 -2.1093817874689216 0.0 0.588924707512227 0.22970908749654528 0.0 -0.01003540326656065
14.999999999999725 -5.543811219854735 -2.0028073123613286 0.0 0.6159790244283038 0.21753414581792402 0.0 -0.010035742703997732
15.999999999999703 -5.76753861325255 -1.8890989211358962 0.0 0.6408376236947274 0.20456654679287584 0.0 -0.010036027520716279
16.999999999999858 -5.972432554590816 -1.7692290574351237 0.0 0.6636036171767566 0.19091433971501198 0.0 -0.010036269901773844
18.000000000000014 -6.159289951204878 -1.6440248681315737 0.0 0.6843655501338743 0.1766694297923952 0.0 -0.010036478889410266
19.00000000000017 -6.328796750924673 -1.5141993033484362 0.0 0.7031996389916297 0.16191103370537974 0.0 -0.01003666132360797
20.000000000000327 -6.481543900792859 -1.380374613745027 0.0 0.720171544532539 0.14670829041611178 0.0 -0.010036822471254427
21.000000000000483 -6.618040083073117 -1.243100425577277 0.0 0.7353377870081229 0.13112226950858397 0.0 -0.010036966456855872
22.00000000000064 -6.738721935843753 -1.1028678835807417 0.0 0.7487468817604156 0.11520754262007994 0.0 -0.010037096563728377
23.000000000000796 -6.843962284512677 -0.9601209020259204 0.0 0.7604402538347403 0.0990134335584331 0.0 -0.010037215448859443
24.000000000000952 -6.934076778921961 -0.8152652651131391 0.0 0.7704529754357723 0.08258502945701285 0.0 -0.010037325299173568
25.00000000000111 -7.009329233764209 -0.6686761151328747 0.0 0.7788143593071325 0.0659640127925389 0.0 -0.010037427947417892
26.000000000001265 -7.069935897686152 -0.5207042273059511 0.0 0.7855484330762372 0.04918935858954725 0.0 -0.010037524959897777
27.00000000000142 -7.1160688216291 -0.3716813730904988 0.0 0.7906743135143423 0.03229793034338579 0.0 -0.010037617704457966
28.000000000001577 -7.1478584546498505 -0.22192500567177467 0.0 0.7942064949610924 0.015325000630194091 0.0 -0.01003770740461527
29.000000000001734 -7.165395562094545 -0.07174245369614124 0.0 0.7961550624549478 -0.001695282922654199 0.0 -0.010037795184119685
30.00000000000189 -7.16873253393984 0.07856522357197901 0.0 0.7965258371044249 -0.018729469285778802 0.0 -0.010037882105160295
31.000000000002046 -7.157884128400943 0.22869958827109452 0.0 0.7953204587112134 -0.0357443986967918 0.0 -0.010037969202761125
32.0000000000022 -7.1328276759959195 0.3783612647367121 0.0 0.7925364084439892 -0.052706807192971675 0.0 -0.01003805751752356
33.000000000002004 -7.093502750881059 0.5272463562090923 0.0 0.7881669723201157 -0.0695829284676807 0.0 -0.010038148128707017
34.000000000001805 -7.039810298309621 0.6750427232542001 0.0 0.7822011442566227 -0.08633808036158172 0.0 -0.010038242189673122
35.000000000001606 -6.971611188430743 0.821426001341952 0.0 0.7746234653811922 -0.10293622237133211 0.0 -0.010038340967955816
36.00000000000141 -6.888724146188987 0.96605521882007 0.0 0.7654137940209967 -0.11933946875778983 0.0 -0.010038445892696573
37.00000000000121 -6.790922983489703 1.1085678507957042 0.0 0.754546998165521 -0.1355075389773049 0.0 -0.010038558612973592
38.00000000000101 -6.677933031440284 1.2485741064274931 0.0 0.7419925590489184 -0.15139712293639265 0.0 -0.010038681071784383
39.00000000000081 -6.549426635267799 1.385650192532377 0.0 0.7277140705853083 -0.16696113250360206 0.0 -0.010038815602324815
40.00000000000061 -6.4050175296472975 1.519330218632361 0.0 0.7116686144052525 -0.18214780207026732 0.0 -0.010038965056091018
41.00000000000041 -6.244253853806759 1.6490962975058867 0.0 0.6938059837563034 -0.1968995886117703 0.0 -0.010039132976789239
42.00000000000021 -6.066609488536417 1.774366235330982 0.0 0.6740677209484864 -0.21115180392567 0.0 -0.010039323841040797
43.000000000000014 -5.871473293534339 1.8944779720244496 0.0 0.6523859215038116 -0.2248308857804997 0.0 -0.010039543398079605
43.999999999999815 -5.658135682556063 2.008669585959563 0.0 0.6286817425062253 -0.23785217621773472 0.0 -0.010039799158996596
44.999999999999616 -5.42577178016655 2.11605315318593 0.0 0.6028635311296123 -0.2501170170206645 0.0 -0.010040101116918044
45.99999999999942 -5.173420135613469 2.2155799406556005 0.0 0.574824459512604 -0.2615088822950727 0.0 -0.010040462832790715
46.99999999999922 -4.899955596078139 2.305993127006039 0.0 0.5444395106753446 -0.27188812522289935 0.0 -0.01004090311653455
47.99999999999902 -4.60405442368751 2.3857621451777473 0.0 0.5115616026319404 -0.28108468279753385 0.0 -0.01004144870922519
48.99999999999882 -4.284149034712435 2.4529892007929077 0.0 0.4760165594124877 -0.2888876889769962 0.0 -0.010042138710892436
49.99999999999862 -3.9383688262066663 2.5052723232989837 0.0 0.4375965362451809 -0.2950302581443382 0.0 -0.010043032182519653
50.99999999999842 -3.5644625459873307 2.5394979855442963 0.0 0.39605139399858796 -0.2991664428382625 0.0 -0.010044221806466632
51.999999999998224 -3.1596971672525176 2.5515145905401155 0.0 0.351077463028053 -0.30083495450446485 0.0 -0.01004585978261224
52.999999999998025 -2.7207306627299186 2.535593889856845 0.0 0.3023034069699863 -0.29939932109521294 0.0 -0.010048210132987002
53.999999999997826 -2.243470486403623 2.4834909913276673 0.0 0.24927449848928657 -0.2939434434808596 0.0 -0.010051762645090183
54.99999999999763 -1.7229912500509523 2.3826857823190486 0.0 0.19144347222787866 -0.28307619803545764 0.0 -0.01005750440635364
55.99999999999743 -1.1538455068884108 2.2127974407301756 0.0 0.12820505632092946 -0.26453304897002744 0.0 -0.0100676359530084
56.99999999999723 -0.5323160923000564 1.937477579934044 0.0 0.059146232477778816 -0.23427528665934605 0.0 -0.010087622827746737
57.99999999999703 0.1310770180875896 1.4842475176881835 0.0 -0.014564113120848758 -0.1842497241875838 0.0 -0.010130884783114441
58.99999999999683 0.7367539700252074 0.704405020582154 0.0 -0.08186155222502874 -0.09793389117580283 0.0 -0.010178450917606427
59.99999999999663 0.8418136206569381 -0.441618784056735 0.0 -0.0935348467396657 0.0290687537840737 0.0 -0.009931887731406838
60.99999999999643 0.30142051981512424 -1.3406450733741109 0.0 -0.03349116886835329 0.1286272303748932 0.0 -0.00992522193321476
61.999999999996234 -0.37320057658379246 -1.8580793371237825 0.0 0.04146673073152607 0.18578659301374564 0.0 -0.009978567318524
62.999999999996035 -1.0147795039060334 -2.1643945608844595 0.0 0.11275327821177474 0.2194882845427096 0.0 -0.010003593197603914
63.999999999995836 -1.6022975465051252 -2.350211825740195 0.0 0.17803306072278463 0.23980131397112472 0.0 -0.010015835566319579
64.99999999999635 -2.138352705374396 -2.4594236871178268 0.0 0.23759474504159236 0.25160263190197285 0.0 -0.010022562211739687
65.99999999999686 -2.6287064983994926 -2.5158103073283886 0.0 0.2920784998221583 0.25753447859203493 0.0 -0.010026626813504785
66.99999999999737 -3.0787492807479495 -2.5335985661814386 0.0 0.3420832534164307 0.2591776184645958 0.0 -0.010029267741600005
67.99999999999788 -3.4929725736044497 -2.521969478145264 0.0 0.38810806373381884 0.25755216423835403 0.0 -0.010031082374440396
68.9999999999984 -3.8750308240378284 -2.487201343003296 0.0 0.4305589804486384 0.2533557047781349 0.0 -0.0100323854589318
69.9999999999989 -4.227897699494693 -2.433786874488937 0.0 0.46976641105495626 0.2470874304987614 0.0 -0.010033355108660985
70.99999999999942 -4.554010733628325 -2.3650604064562093 0.0 0.5060011926253593 0.2391178229395695 0.0 -0.010034098151876808
71.99999999999993 -4.855386478934771 -2.283571859076943 0.0 0.5394873865482976 0.22973020656409512 0.0 -0.010034681809090111
73.00000000000044 -5.133708502278094 -2.1913209896126737 0.0 0.5704120558086657 0.21914677662362084 0.0 -0.01003515010981491
74.00000000000095 -5.390394054288017 -2.089910283231016 0.0 0.5989326726986562 0.20754558702565853 0.0 -0.010035532892542226
75.00000000000146 -5.626644751615482 -1.9806482722119736 0.0 0.625182750179485 0.19507203024576467 0.0 -0.01003585098006339
76.00000000000198 -5.843485414878461 -1.864621470738491 0.0 0.6492761572087045 0.1818468300820445 0.0 -0.010036119279977801
77.00000000000249 -6.041794115634428 -1.7427457766774315 0.0 0.6713104572927009 0.16797175296414885 0.0 -0.01003634870937524
78.000000000003 -6.222325647817666 -1.6158040539753564 0.0 0.6913695164241717 0.15353378377502921 0.0 -0.010036547427372164
79.00000000000351 -6.385730029066738 -1.4844741830103443 0.0 0.7095255587851786 0.1386082425566945 0.0 -0.010036721646448275
80.00000000000402 -6.532567201166339 -1.3493503945034022 0.0 0.7258408001295789 0.12326115494481188 0.0 -0.01003687617985515
81.00000000000453 -6.663318787715759 -1.21095978289483 0.0 0.7403687541906253 0.10755108698830358 0.0 -0.010037014819315718
82.00000000000504 -6.778397544188032 -1.0697753050851802 0.0 0.7531552826875441 0.09153058945389794 0.0 -0.010037140601081015
83.00000000000556 -6.878154974404474 -0.9262261830839298 0.0 0.7642394416004809 0.07524735367598112 0.0 -0.01003725599706097
84.00000000000607 -6.96288746972075 -0.7807063695996236 0.0 0.7736541633022891 0.058745152177724635 0.0 -0.01003736305480148
85.00000000000658 -7.032841240133027 -0.6335815587068903 0.0 0.7814268044592079 0.042064617634087455 0.0 -0.01003746350204655
86.00000000000709 -7.088216241177558 -0.48519510142635996 0.0 0.7875795823530446 0.025243900158472898 0.0 -0.010037558826536112
87.0000000000076 -7.129169250679298 -0.335873100646454 0.0 0.7921299167421264 0.008319233405149841 0.0 -0.010037650338412986
88.00000000000811 -7.155816210677517 -0.1859288999169395 0.0 0.7950906900752619 -0.00867456667590749 0.0 -0.01003773922047666
89.00000000000863 -7.168233919025522 -0.03566713884527275 0.0 0.7964704354472621 -0.025703651239426212 0.0 -0.01003782657012426
90.00000000000914 -7.1664611298710446 0.11461248071119666 0.0 0.7962734588745424 -0.04273472007903411 0.0 -0.010037913435914796
91.00000000000965 -7.1504991006811185 0.264611591866813 0.0 0.7944999000756616 -0.059734621318547225 0.0 -0.010038000851133244
92.00000000001016 -7.120311604255409 0.4140296077511216 0.0 0.7911457338061391 -0.07666995641680394 0.0 -0.01003808986642778
93.00000000001067 -7.07582440607147 0.5625601018173723 0.0 0.7862027117857011 -0.0935066779797208 0.0 -0.010038181583501369
94.00000000001118 -7.0169241892262075 0.7098870070397412 0.0 0.7796582432473386 -0.11020966744887296 0.0 -0.010038277191943838
95.0000000000117 -6.9434568900841835 0.8556805065736818 0.0 0.7714952100093355 -0.12674227850819988 0.0 -0.010038378011608326
96.00000000001221 -6.855225386319274 0.9995924690584402 0.0 0.7616917095910114 -0.14306582989539549 0.0 -0.010038485543514596
97.00000000001272 -6.751986453931199 1.14125125197353 0.0 0.7502207171034473 -0.15913902799707227 0.0 -0.010038601533191971
98.00000000001323 -6.633446879262842 1.2802556530670952 0.0 0.7370496532514068 -0.17491729478524629 0.0 -0.010038728051810858
99.00000000001374 -6.49925857372009 1.4161677278295022 0.0 0.7221398415244339 -0.19035196975884713 0.0 -0.010038867602646303
100.00000000001425 -6.34901248966915 1.5485041026072275 0.0 0.7054458321854399 -0.20538934473415027 0.0 -0.010039023263786053
101.00000000001477 -6.182231071527074 1.6767252864340598 0.0 0.6869145635029869 -0.21996947627046526 0.0 -0.010039198883232047
102.00000000001528 -5.99835889029542 1.8002223016284291 0.0 0.6664843211439143 -0.2340247001809508 0.0 -0.010039399350821014
103.00000000001579 -5.796750994097865 1.9182996845847 0.0 0.6440834437886297 -0.24747774273164796 0.0 -0.010039630984745496
104.0000000000163 -5.57665834937571 2.030153506962761 0.0 0.6196287054861678 -0.26023927855143264 0.0 -0.01003990209251947
105.00000000001681 -5.337209529731146 2.1348424558329033 0.0 0.5930232810812153 -0.27220471731478174 0.0 -0.010040223803659026
106.00000000001732 -5.077387507239714 2.231249056917932 0.0 0.5641541674710562 -0.28324989521311844 0.0 -0.010040611336754476
107.00000000001783 -4.795999980599899 2.3180265959225848 0.0 0.5328888867332986 -0.2932251773247466 0.0 -0.010041085981790647
108.00000000001835 -4.491641093461827 2.3935247684100474 0.0 0.49907123260684555 -0.3019471964900203 0.0 -0.010041678300298382
109.00000000001886 -4.162641614493948 2.4556827761716176 0.0 0.46251573494374726 -0.30918697513019466 0.0 -0.010042433480028876
110.00000000001937 -3.8070036762977315 2.501870927523184 0.0 0.4230004084775005 -0.3146523252803688 0.0 -0.010043420673112875
111.00000000001988 -3.4223152260956273 2.5286475631036947 0.0 0.380257247343933 -0.3179608403448705 0.0 -0.01004475008589994
112.00000000002039 -3.0056394450457926 2.5313702465249914 0.0 0.33395993833839555 -0.3185966940583483 0.0 -0.010046606083734887
113.0000000000209 -2.5533794314218015 2.5035420745764756 0.0 0.2837088257135078 -0.31583800828629144 0.0 -0.010049315798526175
114.00000000002142 -2.061143083767366 2.4356438149235293 0.0 0.22901589819634766 -0.3086270905470755 0.0 -0.010053503245859685
115.00000000002193 -1.5237362085847248 2.3128848817966285 0.0 0.16930402317605375 -0.29532054242186445 0.0 -0.010060469951638184
116.00000000002244 -0.9358583870843132 2.110452045745033 0.0 0.10398426523156312 -0.27316133841613166 0.0 -0.010073235508661741
117.00000000002295 -0.2962792890190039 1.7823386527423135 0.0 0.032919921002084004 -0.23703762808249634 0.0 -0.010099510190428117
118.00000000002346 0.3685256062912899 1.2334684983459643 0.0 -0.04094728958794905 -0.17638538870512424 0.0 -0.010154736353338384
119.00000000002397 0.8669998499589637 0.2947038729518239 0.0 -0.09633331666213552 -0.07241154143910886 0.0 -0.010127467693436282
120.00000000002449 0.6898261354169966 -0.8381592536873833 0.0 -0.0766473483796951 0.053128805965247376 0.0 -0.009894646201942428
121.000000000025 0.058718440200880635 -1.5785842023620003 0.0 -0.006524271133460423 0.13506491137353802 0.0 -0.00994859310146124
122.00000000002551 -0.6104071215713948 -2.004549619816072 0.0 0.06782301350790303 0.1820610688684347 0.0 -0.009989875024419427
123.00000000002602 -1.2328035796398593 -2.260298969809285 0.0 0.1369781755155096 0.21014432997879176 0.0 -0.010008952410768202
124.00000000002653 -1.8011469573385201 -2.4148452827964673 0.0 0.20012743970424893 0.22698280919958977 0.0 -0.01001869411239497
125.00000000002704 -2.320050222550835 -2.502924030968319 0.0 0.25778335806117225 0.23643600344090634 0.0 -0.010024249524045632
126.00000000002755 -2.7952918155151134 -2.544095825246919 0.0 0.31058797950164674 0.24067731391630603 0.0 -0.010027703294445007
127.00000000002807 -3.231947975736978 -2.5504164826195863 0.0 0.3591053306374083 0.2410462758466026 0.0 -0.010029996803902392
128.00000000002856 -3.6341917970549518 -2.5298441210862186 0.0 0.403799088561627 0.23842712456511725 0.0 -0.010031599840290423
129.00000000002765 -4.005413814937699 -2.4879174060085294 0.0 0.44504597943748725 0.23343526733426273 0.0 -0.010032766830016639
130.00000000002674 -4.348379069208914 -2.4286557724822933 0.0 0.483153229912066 0.22651730805356993 0.0 -0.010033645001461812
131.00000000002584 -4.665361463916302 -2.3550766740662983 0.0 0.5183734959906644 0.21800851934068144 0.0 -0.010034324292024503
132.00000000002493 -4.958248508326856 -2.2695098676458842 0.0 0.5509165009251693 0.20816776307174656 0.0 -0.010034862164488078
133.00000000002402 -5.228620936254593 -2.173797387477176 0.0 0.5809578818060291 0.19719970971966808 0.0 -0.010035296745824688
134.0000000000231 -5.47781305185852 -2.0694257967319936 0.0 0.6086458946509085 0.18526953297020332 0.0 -0.010035654161700373
135.0000000000222 -5.706958722700246 -1.9576165719003005 0.0 0.6341065247444334 0.1725129524333484 0.0 -0.010035952819899566
136.0000000000213 -5.917026743114468 -1.8393896493974105 0.0 0.6574474159015689 0.15904329437747136 0.0 -0.010036206011068522
137.00000000002038 -6.108848289588524 -1.715609225084612 0.0 0.6787609210653522 0.14495658056493801 0.0 -0.010036423542132319
138.00000000001947 -6.283138439936819 -1.5870174983586884 0.0 0.6981264933262735 0.13033527759539082 0.0 -0.01003661279314327
139.00000000001856 -6.440513187044896 -1.4542600337997953 0.0 0.715612576338281 0.1152511148666247 0.0 -0.010036779419391191
140.00000000001765 -6.581502991914374 -1.317905175124745 0.0 0.7312781102126676 0.09976724168050774 0.0 -0.010036927829067338
141.00000000001674 -6.706563645093468 -1.1784591647526828 0.0 0.7451737383436781 0.08393990719472298 0.0 -0.010037061515365793
142.00000000001583 -6.81608500749856 -1.0363781166080006 0.0 0.75734277861091 0.06781979073420256 0.0 -0.010037183292103673
143.00000000001492 -6.910398057939177 -0.8920776552484968 0.0 0.7678220064376454 0.05145307280536877 0.0 -0.01003729546416728
144.000000000014 -6.989780569223265 -0.7459408088011064 0.0 0.77664228546921 0.0348823120889919 0.0 -0.010037399953220071
145.0000000000131 -7.054461656344461 -0.5983245885531197 0.0 0.7838290729271199 0.018147176505882007 0.0 -0.01003749839230951
146.0000000000122 -7.104625381125879 -0.4495655806939982 0.0 0.7894028201250557 0.0012850645215349637 0.0 -0.010037592198675336
147.00000000001128 -7.140413552314 -0.2999848005577903 0.0 0.7933792835904019 -0.01566835549359938 0.0 -0.010037682631256449
148.00000000001037 -7.161927824555098 -0.14989200703874087 0.0 0.7957697582838562 -0.03267866588460501 0.0 -0.010037770837560661
149.00000000000946 -7.169231171091926 0.00041036171149525674 0.0 0.7965812412323918 -0.049712262412409135 0.0 -0.01003785789336393
150.00000000000855 -7.162348781263659 0.1506234947915177 0.0 0.7958165312514722 -0.06673594386574504 0.0 -0.010037944837939673
151.00000000000765 -7.1412684133375635 0.30044863602315197 0.0 0.7934742681485725 -0.08371651511370452 0.0 -0.01003803270705866
152.00000000000674 -7.105940214515653 0.4495835186866925 0.0 0.7895489127239149 -0.1006203909652092 0.0 -0.010038122565776787
153.00000000000583 -7.056276001991114 0.5977186943795568 0.0 0.7840306668878542 -0.11741318826441653 0.0 -0.010038215543006853
154.00000000000492 -6.992147980591889 0.7445336365135785 0.0 0.7769053311768281 -0.13405929294597466 0.0 -0.010038312870048699
155.000000000004 -6.9133868527223346 0.8896924850794268 0.0 0.7681540947468768 -0.15052138723106892 0.0 -0.01003841592565649
156.0000000000031 -6.8197792537397595 1.0328392764612908 0.0 0.7577532504154784 -0.16675991960683167 0.0 -0.010038526290914113
157.0000000000022 -6.711064419059116 1.1735924678585372 0.0 0.7456738243398502 -0.18273249642874817 0.0 -0.010038645818280472
158.00000000000128 -6.586929956224174 1.311538516447875 0.0 0.7318811062470781 -0.19839316849423042 0.0 -0.010038776720839868
159.00000000000037 -6.447006553339915 1.4462242029434011 0.0 0.7163340614821596 -0.21369157810484468 0.0 -0.010038921690351739
159.99999999999946 -6.290861401114964 1.5771472887220235 0.0 0.6989846001238312 -0.22857192096913637 0.0 -0.01003908405663687
160.99999999999855 -6.117990034429636 1.7037449513557443 0.0 0.6797766704921273 -0.24297166126177214 0.0 -0.010039268007000042
161.99999999999764 -5.927806203940123 1.8253792335979588 0.0 0.6586451337710708 -0.25681991484424077 0.0 -0.01003947889419973
162.99999999999673 -5.71962925896111 1.9413184311163785 0.0 0.6355143621067364 -0.2700353812351765 0.0 -0.010039723677435022
163.99999999999582 -5.492668345754139 2.050712878335231 0.0 0.6102964828615173 -0.2825236531483825 0.0 -0.010040011567428623
164.9999999999949 -5.246002480485868 2.1525628757090063 0.0 0.5828891644983764 -0.2941736528565798 0.0 -0.010040354992291174
165.999999999994 -4.9785552156637305 2.2456753741674396 0.0 0.553172801740361 -0.30485281935196157 0.0 -0.010040771081482146
166.9999999999931 -4.6890621456210475 2.3286042070369843 0.0 0.5210069050689513 -0.3144004674485778 0.0 -0.010041284012784773
167.99999999999218 -4.3760288468368955 2.3995656103310727 0.0 0.4862254274262672 -0.32261840114792134 0.0 -0.010041928848249579
168.99999999999127 -4.037675990970262 2.456315492494082 0.0 0.448630665663307 -0.3292572769438114 0.0 -0.01004275804460844
169.99999999999037 -3.6718673571600986 2.4959653892974245 0.0 0.40798526190662143 -0.3339961543664051 0.0 -0.010043852996078417
170.99999999998946 -3.2760157075177823 2.5146960164739736 0.0 0.3640017452796971 -0.33641066849713264 0.0 -0.010045345572652216
171.99999999998855 -2.8469626387170366 2.507291280426832 0.0 0.31632918207961336 -0.3359212533807835 0.0 -0.010047460812372079
172.99999999998764 -2.380837836007744 2.4663386110617904 0.0 0.2645375373341356 -0.33170429011800134 0.0 -0.010050607859614275
173.99999999998673 -1.8729445970174494 2.380763816495708 0.0 0.2081049552241025 -0.3225293129439923 0.0 -0.010055591013476903
174.99999999998582 -1.3178916782901722 2.2329199889841136 0.0 0.1464324086988489 -0.30643555433159314 0.0 -0.010064150565721752
175.9999999999849 -0.7109702851704751 1.992201218318439 0.0 0.07899669835221539 -0.2800223575909628 0.0 -0.010080487772539407
176.999999999984 -0.05587826436379517 1.5994815919228391 0.0 0.0062086960403614135 -0.23672017688034064 0.0 -0.010115350258986827
177.9999999999831 0.5899874603640852 0.9306189348355249 0.0 -0.06555416226273708 -0.1627354372039724 0.0 -0.010176629722849884
178.99999999998218 0.8966412403597895 -0.15154523666749423 0.0 -0.09962680448448277 -0.04282830703697039 0.0 -0.01001156695027032
179.99999999998127 0.4816712119402147 -1.1723138337387244 0.0 -0.053519023548975156 0.07025709263761044 0.0 -0.009906421501261031
180.99999999998036 -0.18589533438406045 -1.776595930087874 0.0 0.0206550371537213 0.13706621445418235 0.0 -0.009967288427181885
181.99999999997945 -0.841055491240916 -2.12960907571953 0.0 0.0934506101378155 0.17595656396881046 0.0 -0.009998404401834325
182.99999999997854 -1.443721929836199 -2.34335021124353 0.0 0.16041354775951286 0.19937224569369902 0.0 -0.010013168546379795
183.99999999997763 -1.993561624129872 -2.4709809146166295 0.0 0.22150684712547583 0.21322010162404287 0.0 -0.010021033475919455
184.99999999997672 -2.4960776921827663 -2.5404036851458 0.0 0.2773419657980189 0.220600409460617 0.0 -0.010025673121682942
185.9999999999758 -2.956868778775152 -2.56789758490307 0.0 0.3285409754193943 0.22332195387809117 0.0 -0.010028632954160462
186.9999999999749 -3.3806801987537196 -2.56376963529656 0.0 0.37563113319478975 0.2225299594773674 0.0 -0.010030637972303571
187.999999999974 -3.7713843867903734 -2.5349652828060316 0.0 0.4190427096433061 0.2189961425339751 0.0 -0.010032061562743886
188.99999999997308 -4.132128839263968 -2.4863972033592145 0.0 0.45912542658481603 0.21326635592877283 0.0 -0.010033111163619463
189.99999999997218 -4.46548749384659 -2.4216772217159743 0.0 0.4961652770939951 0.20574191352396806 0.0 -0.010033909330291909
190.99999999997127 -4.77358421031271 -2.343545979226512 0.0 0.5303982455902306 0.19672733102513856 0.0 -0.01003453222169562
191.99999999997036 -5.058187762543119 -2.254138644886261 0.0 0.5620208625047195 0.18645984943177665 0.0 -0.010035029200339954
192.99999999996945 -5.320783860175229 -2.155156485280015 0.0 0.591198206686064 0.1751284983644154 0.0 -0.010035433420131428
193.99999999996854 -5.562629812898877 -2.0479817514124057 0.0 0.6180699792109131 0.16288686126801402 0.0 -0.01003576783870711
194.99999999996763 -5.784796316899419 -1.9337570388516223 0.0 0.6427551463220824 0.14986189320570445 0.0 -0.010036048780593684
195.99999999996672 -5.988199695556862 -1.8134416052189564 0.0 0.665355521728465 0.13616017835763003 0.0 -0.010036288128340027
196.9999999999658 -6.173627017954967 -1.6878522948905366 0.0 0.6859585575504762 0.12187247721002764 0.0 -0.010036494714106742
197.9999999999649 -6.34175585059775 -1.5576939151518607 0.0 0.7046395389552291 0.10707710168350788 0.0 -0.010036675228982963
198.999999999964 -6.493169918536403 -1.4235822214551277 0.0 0.7214633242817458 0.0918424690505372 0.0 -0.010036834832452355
199.99999999996308 -6.628371610405933 -1.2860616237832663 0.0 0.7364857344894704 0.07622906930921895 0.0 -0.010036977570374554
200.99999999996217 -6.747792017436787 -1.1456190599913543 0.0 0.7497546686040083 0.06029100666567287 0.0 -0.010037106667761395
201.99999999996126 -6.851799020303062 -1.0026950473409029 0.0 0.7613110022558163 0.0440772274822891 0.0 -0.01003722473796843
202.99999999996035 -6.940703809341899 -0.8576926338001997 0.0 0.7711893121490193 0.027632514866655158 0.0 -0.010037333935076317
203.99999999995944 -7.014766129092739 -0.7109847741370572 0.0 0.7794184587880016 0.010998308237416772 0.0 -0.010037436067080348
204.99999999995853 -7.0741984674356155 -0.5629205204316164 0.0 0.7860220519372101 -0.005786608840965887 0.0 -0.010037532681737356
205.99999999995762 -7.119169355978617 -0.41383032230085176 0.0 0.7910188173308763 -0.0226855197443845 0.0 -0.010037625133220306
206.9999999999567 -7.149805906894518 -0.2640306659949627 0.0 0.7944228785437535 -0.03966325933392801 0.0 -0.010037714635325719
207.9999999999558 -7.166195678643469 -0.11382823525483934 0.0 0.796243964293636 -0.05668575163838647 0.0 -0.010037802305406011
208.9999999999549 -7.168387936385395 0.036476255041795656 0.0 0.7964875484871816 -0.0737195838935684 0.0 -0.010037889202175446
209.99999999995399 -7.156394350455414 0.18658442241010287 0.0 0.7951549278282941 -0.09073160249004722 0.0 -0.010037976359893471
210.99999999995308 -7.130189156536862 0.33619665977694896 0.0 0.7922432396151211 -0.1076885177530304 0.0 -0.010038064821060913
211.99999999995217 -7.089708782867198 0.4850085452750589 0.0 0.7877454203184912 -0.12455650503059845 0.0 -0.010038155669615953
212.99999999995126 -7.034850931835227 0.6327071042001338 0.0 0.7816501035371607 -0.14130078935560708 0.0 -0.01003825006666668
213.99999999995035 -6.965473084587484 0.7789667995649665 0.0 0.7739414538429669 -0.15788519995170008 0.0 -0.010038349291051924
214.99999999994944 -6.881390376599862 0.9234451107781487 0.0 0.76459893073323 -0.17427167897538728 0.0 -0.010038454787520941
215.99999999994853 -6.782372768249645 1.0657775333683133 0.0 0.7535969742498714 -0.19041972592985038 0.0 -0.01003856822614273
216.99999999994762 -6.6681414055904815 1.205571793499197 0.0 0.7409046006210743 -0.20628575483328226 0.0 -0.010038691577830085
217.9999999999467 -6.538364030645557 1.3424010148168253 0.0 0.7264848922938599 -0.2218223349796856 0.0 -0.010038827212813614
218.9999999999458 -6.392649254718032 1.475795495113596 0.0 0.7102943616352453 -0.2369772772348826 0.0 -0.010038978031887434
219.9999999999449 -6.230539448522641 1.6052326359225602 0.0 0.6922821609468677 -0.2516925151025456 0.0 -0.010039147644871585
220.99999999994398 -6.051501923847077 1.7301244032548837 0.0 0.6723891026495821 -0.265902711472804 0.0 -0.010039340618006827
221.99999999994307 -5.854917975144656 1.849801456729057 0.0 0.6505464416826457 -0.27953349519215714 0.0 -0.010039562823659233
222.99999999994216 -5.640069204807917 1.9634927262879833 0.0 0.6266743560896738 -0.29249919180981604 0.0 -0.010039821944843635
223.99999999994125 -5.406120356977582 2.070298673117422 0.0 0.6006800396640801 -0.30469985256864285 0.0 -0.010040128219282147
224.99999999994034 -5.152097609068084 2.1691556304676527 0.0 0.5724552898963579 -0.31601729227422426 0.0 -0.010040495563512067
225.99999999993943 -4.876860886584461 2.2587872831186164 0.0 0.5418734318426212 -0.3263096981243318 0.0 -0.01004094331740667
226.99999999993852 -4.57906823493744 2.33763715620562 0.0 0.5087853594373962 -0.33540412846733253 0.0 -0.0100414990347625
227.99999999993761 -4.257129558701432 2.403772283535382 0.0 0.4730143954111723 -0.3430858092817506 0.0 -0.01004220310389432
228.9999999999367 -3.909146109746768 2.4547417268621086 0.0 0.43434956774954225 -0.34908241409583174 0.0 -0.010043116708203235
229.9999999999358 -3.532831102599571 2.487361699936288 0.0 0.39253678917763074 -0.353040188881852 0.0 -0.010044336188994762
230.9999999999349 -3.1254064452135712 2.4973760679936357 0.0 0.34726738280140795 -0.35448622977711297 0.0 -0.010046020403608287
231.99999999993398 -2.6834734843529864 2.478893979446886 0.0 0.29816372048356454 -0.3527659977163632 0.0 -0.01004844629819759
232.99999999993307 -2.2028719662470766 2.4234032908620984 0.0 0.24476355180512963 -0.3469336989847207 0.0 -0.01005213079543412
233.99999999993216 -1.6786106730926504 2.3179130445190372 0.0 0.18651229701019267 -0.3355458938354924 0.0 -0.010058123581936893
234.99999999993125 -1.1052470293688934 2.141136370856568 0.0 0.12280522548532999 -0.3162373745396629 0.0 -0.010068785778017973
235.99999999993034 -0.4794798246196618 1.8547824469558942 0.0 0.05327553606874788 -0.284753605217366 0.0 -0.010090025833276506
236.99999999992943 0.18542589318027738 1.3818154186446008 0.0 -0.02060287702013511 -0.23253504651611137 0.0 -0.01013598788185096
237.99999999992852 0.7732359501456406 0.5669257017876991 0.0 -0.08591510557184297 -0.14232507797645583 0.0 -0.010173422728073839
238.9999999999276 0.8143220150116796 -0.5860993961810159 0.0 -0.09048022389029256 -0.014544511535487657 0.0 -0.00991689550280514
239.9999999999267 0.2471245204746288 -1.4481804816384034 0.0 -0.027458280052843315 0.08090894240422211 0.0 -0.009930829230577656
240.9999999999258 -0.4273175501499815 -1.943049869528057 0.0 0.04747972779433474 0.13556109661418367 0.0 -0.009981422400143956
241.99999999992488 -1.0646281003102334 -2.2370869980825194 0.0 0.11829201114547301 0.1678985553424574 0.0 -0.010004927320446295
242.99999999992397 -1.647733626995219 -2.4154346033535017 0.0 0.18308151411047063 0.18738162259478885 0.0 -0.010016536438374704
243.99999999992306 -2.179824278125754 -2.5196623086009127 0.0 0.2422026975694181 0.19862914540005697 0.0 -0.010022970991304302
244.99999999992215 -2.666688101732563 -2.572496299274636 0.0 0.2962986779701737 0.2041662554749152 0.0 -0.010026885221574753
245.99999999992124 -3.1136460172909133 -2.58762864761537 0.0 0.3459606685877675 0.205514294179441 0.0 -0.010029441502291276
246.99999999992033 -3.5251152738718106 -2.5739424805458966 0.0 0.39167947487453325 0.20366027561616634 0.0 -0.010031205002208513
247.99999999991942 -3.9046881035958014 -2.5375375407719956 0.0 0.4338542337327538 0.19928194897462184 0.0 -0.010032475415992828
248.99999999991851 -4.255288888393381 -2.482793120619071 0.0 0.47280987648803907 0.1928659022909634 0.0 -0.010033423224087012
249.9999999999176 -4.579316525708728 -2.412968074018128 0.0 0.5088129473008552 0.184774230446414 0.0 -0.010034151113570595
250.9999999999167 -4.878757140577675 -2.330560147594318 0.0 0.542084126730738 0.1752844608437684 0.0 -0.010034723928670946
251.9999999999158 -5.1552700931947975 -2.2375318859943034 0.0 0.5728077881326397 0.16461465399932249 0.0 -0.01003518426964033
252.99999999991488 -5.410253142591317 -2.135458528113352 0.0 0.6011392380655852 0.15293983645699466 0.0 -0.010035561080310725
253.99999999991397 -5.644892012084896 -2.025628212516208 0.0 0.6272102235648708 0.14040313472397858 0.0 -0.010035874603987882
254.99999999991306 -5.860198400502809 -1.9091119021281782 0.0 0.6511331556113051 0.127123544680864 0.0 -0.010036139361696296
255.99999999991215 -6.057039413429102 -1.786813448871039 0.0 0.6730043792697811 0.11320149431895957 0.0 -0.010036366005956294
256.99999999991127 -6.236160571586904 -1.659506263151132 0.0 0.6929067301762026 0.09872291812785869 0.0 -0.010036562510736289
257.99999999991036 -6.398203959943568 -1.527860726709021 0.0 0.7109115511047196 0.08376230296762416 0.0 -0.010036734956415728
258.99999999990945 -6.5437226569590266 -1.3924650725428744 0.0 0.7270802952175477 0.06838500806027459 0.0 -0.01003688806041039
259.99999999990854 -6.673192280803055 -1.2538415694893206 0.0 0.7414658089779941 0.052649063276546476 0.0 -0.010037025543932042
260.99999999990763 -6.787020272389046 -1.1124592794339243 0.0 0.754113363598658 0.03660658660372467 0.0 -0.010037150390762138
261.9999999999067 -6.885553378116889 -0.9687442804958954 0.0 0.7650614864573059 0.02030492005505476 0.0 -0.010037265033444076
262.9999999999058 -6.96908368043409 -0.8230879981655581 0.0 0.7743426311592165 0.003787555351683972 0.0 -0.01003737148985977
263.9999999999049 -7.037853439321725 -0.6758541148053188 0.0 0.7819837154800634 -0.012905098355009345 0.0 -0.010037471465422203
264.999999999904 -7.092058943961051 -0.5273844091928233 0.0 0.7880065493288761 -0.029735065645286572 0.0 -0.010037566431210397
265.9999999999031 -7.131853525079382 -0.3780037948190937 0.0 0.7924281694531345 -0.04666624502014538 0.0 -0.010037657685209542
266.9999999999022 -7.157349840503578 -0.228024767466735 0.0 0.7952610933891558 -0.06366391472596304 0.0 -0.0100377464017563
267.99999999990126 -7.168621516154409 -0.0777514320291661 0.0 0.7965135017948027 -0.08069428533013735 0.0 -0.010037833672939723
268.99999999990035 -7.165704199794797 0.07251674908183049 0.0 0.7961893555326223 -0.09772408323135917 0.0 -0.01003792054483677
269.99999999989944 -7.14859606354328 0.22248136126840168 0.0 0.7942884515046745 -0.11472015125208919 0.0 -0.010038008050925355
270.99999999989853 -7.117257772079548 0.3718414817333755 0.0 0.7908064191198146 -0.13164905352597525 0.0 -0.010038097244733325
271.9999999998976 -7.0716119154111 0.5202900495103451 0.0 0.7857346572677637 -0.14847667216786076 0.0 -0.01003818923370552
272.9999999998967 -7.011541886944201 0.667510044540993 0.0 0.7790602096603298 -0.16516778272682162 0.0 -0.010038285216392844
273.9999999998958 -6.9368901683091915 0.8131703471268302 0.0 0.7707655742564388 -0.18168559412524793 0.0 -0.01003838652540359
274.9999999998949 -6.847455960719946 0.9569211289317382 0.0 0.7608284400798545 -0.19799123654801526 0.0 -0.010038494679160875
275.999999999894 -6.742992077166319 1.098388595975184 0.0 0.7492213419072281 -0.21404317733062034 0.0 -0.010038611446474692
276.9999999998931 -6.6232009786397725 1.2371688593585102 0.0 0.7359112198487213 -0.22979653992876764 0.0 -0.010038738929423982
277.99999999989217 -6.487729798501954 1.3728206456064853 0.0 0.7208588665000735 -0.24520229395632037 0.0 -0.010038879672316238
278.99999999989126 -6.336164148807428 1.5048564675286527 0.0 0.704018238756236 -0.26020627416989467 0.0 -0.010039036807983126
279.99999999989035 -6.168020436435415 1.6327317461766442 0.0 0.6853356040482332 -0.2747479717974492 0.0 -0.010039214258102478
280.99999999988944 -5.9827363290203275 1.7558311857352984 0.0 0.6647484810021116 -0.2887590206372994 0.0 -0.01003941701283736
281.99999999988853 -5.779658892026023 1.8734514258162969 0.0 0.6421843213360771 -0.3021612695351882 0.0 -0.010039651528984485
282.9999999998876 -5.558029756220349 1.9847785806836766 0.0 0.6175588618021112 -0.31486428674267497 0.0 -0.010039926308837252
283.9999999998867 -5.316966451216207 2.0888586412455186 0.0 0.5907740501349844 -0.3267620712495461 0.0 -0.01004025276109629
284.9999999998858 -5.055438730213246 2.1845577248068917 0.0 0.5617154144679869 -0.3377286360896989 0.0 -0.010040646513716299
285.9999999998849 -4.772238279017647 2.2705075663922405 0.0 0.5302486976684736 -0.34761195182140453 0.0 -0.010041129472811638
286.999999999884 -4.465939606044275 2.345029011587572 0.0 0.49621551178254153 -0.3562254457319968 0.0 -0.010041733155590543
287.9999999998831 -4.1348491104449545 2.406021758061675 0.0 0.45942767893817127 -0.3633357508957862 0.0 -0.010042504284844125
288.99999999988216 -3.7769383392492752 2.4508005489462916 0.0 0.41965981547198367 -0.3686445054385213 0.0 -0.010043514581133155
289.99999999988125 -3.389756527681913 2.475843012865462 0.0 0.3766396141867202 -0.3717603347628735 0.0 -0.010044878760682031
290.99999999988034 -2.970317808094722 2.4763848122514243 0.0 0.3300353120103645 -0.3721538680279806 0.0 -0.010046789576890515
291.99999999987944 -2.514964298945619 2.4457358974929595 0.0 0.2794404776604633 -0.36908176638815116 0.0 -0.010049590883469628
292.9999999998785 -2.019234022750562 2.3740521429986234 0.0 0.22435933586101142 -0.36145023811100274 0.0 -0.010053942949801508
293.9999999998776 -1.477878448397964 2.245953467623117 0.0 0.16420871648849938 -0.3475503852915021 0.0 -0.010061234142258423
294.9999999998767 -0.8856800448682134 2.0354495072933547 0.0 0.09840889387408133 -0.32449438969930616 0.0 -0.010074715001149794
295.9999999998758 -0.2422505565043711 1.6939062941178666 0.0 0.02691672850031981 -0.2868784771242519 0.0 -0.010102715312616639
296.9999999998749 0.4206077223509974 1.1201945000564129 0.0 -0.04673419137250015 -0.223466055561868 0.0 -0.010160330943291107
297.999999999874 0.8835572699102079 0.14574121346667473 0.0 -0.0981730299901915 -0.1155268014963415 0.0 -0.010105081578849331
298.99999999987307 0.6463656273438164 -0.9689871929700434 0.0 -0.07181840303837142 0.007998576996627274 0.0 -0.009894658482502844
299.99999999987216 0.003346681445320742 -1.676245763917504 0.0 -0.00037185349409540056 0.0862495293241229 0.0 -0.009953268542827874
300.99999999987125 -0.6631051735433852 -2.0842947612841263 0.0 0.07367835261575952 0.13125497347597004 0.0 -0.009992020032915036
301.99999999987034 -1.2810226312682373 -2.32990831130189 0.0 0.14233584791851955 0.15821203458905497 0.0 -0.010009995894975008
302.99999999986943 -1.8450959617950147 -2.478057237665317 0.0 0.2050106624214936 0.17433969307388017 0.0 -0.010019265007163942
303.9999999998685 -2.36021162511741 -2.561753044255831 0.0 0.26224573612398105 0.18330589380615978 0.0 -0.01002459317692338
304.9999999998676 -2.8321184137867847 -2.5997410240172476 0.0 0.3146798237539103 0.187193447112984 0.0 -0.010027925837772879
305.9999999998667 -3.2658171046248468 -2.6036480668339266 0.0 0.3628685671803603 0.18729422964817044 0.0 -0.010030149280189967
306.9999999998658 -3.665410265519846 -2.5811864652537757 0.0 0.4072678072798034 0.18446516280593145 0.0 -0.01003170906327879
307.9999999998649 -4.034231065180884 -2.5377441867347477 0.0 0.44824789613102883 0.17930490963715048 0.0 -0.0100328479311943
308.999999999864 -4.3749993984572 -2.477243208686336 0.0 0.48611104427284024 0.17224924540954922 0.0 -0.010033707033109525
309.99999999986306 -4.689953756587352 -2.4026351772150947 0.0 0.5211059729539677 0.16362613080163377 0.0 -0.010034372936959017
310.99999999986215 -4.9809536683532185 -2.316203813022726 0.0 0.5534392964835068 0.1536893125580374 0.0 -0.010034901137141387
311.99999999986125 -5.249557513070326 -2.2197579857590766 0.0 0.5832841681187404 0.14263977619540957 0.0 -0.010035328558654123
312.99999999986034 -5.497081513157433 -2.114759771707952 0.0 0.6107868347950846 0.1306399746341736 0.0 -0.010035680564992685
313.9999999998594 -5.724644725585525 -2.0024121888761313 0.0 0.6360716361759828 0.11782357654174892 0.0 -0.010035975064747833
314.9999999998585 -5.933203662622256 -1.8837210138496416 0.0 0.6592448514022857 0.10430233487213904 0.0 -0.010036225012326892
315.9999999998576 -6.1235791923312854 -1.7595394193292158 0.0 0.6803976880366212 0.09017104659209188 0.0 -0.010036439982596398
316.9999999998567 -6.296477638787398 -1.6306009181183276 0.0 0.6996086265317434 0.07551121312421573 0.0 -0.010036627192022318
317.9999999998558 -6.452507475758892 -1.4975441618977348 0.0 0.7169452750841302 0.06039379576637212 0.0 -0.01003679217843905
318.9999999998549 -6.592192632209441 -1.3609319517688114 0.0 0.7324658480230789 0.044881327974269594 0.0 -0.010036939264367573
319.99999999985397 -6.715983159820698 -1.2212660640642907 0.0 0.7462203510909953 0.02902956267376745 0.0 -0.010037071879691313
320.99999999985306 -6.824263819907536 -1.0789990063982762 0.0 0.758251535545087 0.012888778488654941 0.0 -0.010037192790957754
321.99999999985215 -6.91736100708883 -0.9345434951964808 0.0 0.768595667454118 -0.003495167200433235 0.0 -0.01003730426751461
322.99999999985124 -6.995548324239312 -0.7882802273134202 0.0 0.7772831471375033 -0.02007997474299532 0.0 -0.010037408204236091
323.99999999985033 -7.059051046716461 -0.6405643683092752 0.0 0.7843390051905191 -0.03682618129901126 0.0 -0.010037506214045267
324.9999999998494 -7.10804965604354 -0.49173107570940594 0.0 0.7897832951157494 -0.05369654714344098 0.0 -0.010037599699258107
325.9999999998485 -7.1426825787886425 -0.34210030256584695 0.0 0.793631397642982 -0.07065552193716956 0.0 -0.010037689908065755
326.9999999998476 -7.1630482314880055 -0.19198107547852172 0.0 0.7958942479429105 -0.08766876939131661 0.0 -0.010037777980700966
327.9999999998467 -7.16920644433793 -0.041675405776709404 0.0 0.7965784938151236 -0.10470273269151775 0.0 -0.010037864988678705
328.9999999998458 -7.161179312945089 0.10851803119140817 0.0 0.7956865903270292 -0.12172422568797493 0.0 -0.010037951969763618
329.9999999998449 -7.138951507071408 0.2583003283097433 0.0 0.7932168341188419 -0.13870003647890075 0.0 -0.01003803996087844
330.99999999984396 -7.10247004672532 0.4073687770842783 0.0 0.7891633385248311 -0.15559653078718225 0.0 -0.010038130030961611
331.99999999984306 -7.05164353799334 0.5554131827785067 0.0 0.7835159486657212 -0.17237924253098524 0.0 -0.010038223315777023
332.99999999984215 -6.986340842589037 0.7021119439738636 0.0 0.776260093620798 -0.18901243821935793 0.0 -0.010038321056874357
333.99999999984124 -6.9063891350942255 0.847127761682768 0.0 0.767376570565818 -0.2054586401870138 0.0 -0.010038424647323355
334.9999999998403 -6.811571279003453 0.990102819475371 0.0 0.7568412532223975 -0.22167809105285832 0.0 -0.010038535687565313
335.9999999998394 -6.701622425408183 1.1306532407811292 0.0 0.7446247139340332 -0.23762813786460915 0.0 -0.01003865605585519
336.9999999998385 -6.576225704486142 1.2683625786393902 0.0 0.7306917449426937 -0.253262508737749 0.0 -0.010038787999500386
337.9999999998376 -6.435006837252472 1.4027740206366073 0.0 0.7150007596945068 -0.2685304467374396 0.0 -0.01003893425575201
338.9999999998367 -6.277527439674612 1.5333808883019806 0.0 0.6975030488525216 -0.2833756542558139 0.0 -0.010039098215291507
339.9999999998358 -6.103276718228743 1.6596148615098096 0.0 0.6781418575807577 -0.2977349846122391 0.0 -0.010039284147652351
340.99999999983487 -5.911661158197084 1.7808311420000882 0.0 0.6568512397994604 -0.3115367935556029 0.0 -0.010039497518116496
341.99999999983396 -5.701991673388452 1.8962894501145289 0.0 0.6335546303762772 -0.32469882779054043 0.0 -0.010039745442249493
342.99999999983305 -5.473467504107432 2.005129266687743 0.0 0.6081630560117182 -0.33712547407645266 0.0 -0.010040037352014518
343.99999999983214 -5.2251558986167455 2.106336989657578 0.0 0.5805728776238642 -0.34870410996198936 0.0 -0.010040385995128341
344.99999999983123 -4.955966263439149 2.19870150340507 0.0 0.5506629181596854 -0.3593001670450436 0.0 -0.010040808973921123
345.9999999998303 -4.6646169816699246 2.2807527576185014 0.0 0.5182907757408818 -0.36875030640209144 0.0 -0.010041331185299186
346.9999999998294 -4.349592432111609 2.3506747677093256 0.0 0.4832880480121792 -0.3768527519677384 0.0 -0.01004198882019602
347.9999999998285 -4.009086866837928 2.406178917235296 0.0 0.44545409631510263 -0.38335321302617903 0.0 -0.010042836174115406
348.9999999998276 -3.6409307895377463 2.4443134268384608 0.0 0.4045478655039702 -0.3879237140931972 0.0 -0.010043957768939937
349.9999999998267 -3.24249477695316 2.461165822589163 0.0 0.36027719743901504 -0.39012953584327464 0.0 -0.010045491074986498
350.9999999998258 -2.8105671553885223 2.451376977712565 0.0 0.312285239487388 -0.38937521974587463 0.0 -0.010047671794261066
351.99999999982487 -2.3412125478163563 2.407303112584439 0.0 0.26013472753492434 -0.38481145695386043 0.0 -0.010050930943490768
352.99999999982396 -1.8296648589407298 2.3174711769164564 0.0 0.20329609543763158 -0.37516346410186185 0.0 -0.010056121893104647
353.99999999982305 -1.270503252286194 2.1634869672862025 0.0 0.14116702803157086 -0.3583874408096111 0.0 -0.010065107118576232
354.99999999982214 -0.6592454010456883 1.9131922646837085 0.0 0.07324948900484696 -0.3309102516315558 0.0 -0.010082422003823067
355.9999999998212 -0.0012344167783625388 1.5038745483489333 0.0 0.00013715741958757514 -0.28576383870546934 0.0 -0.010119593249604951
356.9999999998203 0.6358480372064698 0.8041451116396866 0.0 -0.07064978191206137 -0.2083494568488863 0.0 -0.010179436936500016
357.9999999998194 0.8873629920283324 -0.3024451978343115 0.0 -0.09859588800338039 -0.08572831135177501 0.0 -0.009984529073988307
358.9999999998185 0.4301410216302156 -1.2891759204766988 0.0 -0.04779344684803495 0.02357510227515743 0.0 -0.009911672599575629
359.9999999998176 -0.24085102609945377 -1.8664715541589296 0.0 0.026761225121927367 0.08738572823985036 0.0 -0.009970857594813774
360.9999999998167 -0.8921667548942978 -2.2050916123084767 0.0 0.09912963943246461 0.1246768458120229 0.0 -0.010000035679594656
361.99999999981577 -1.4903497794683944 -2.410342891775267 0.0 0.1655944199406967 0.14714921019722252 0.0 -0.01001399755237209
362.99999999981486 -2.036088395080715 -2.5324362392484816 0.0 0.22623204389762025 0.16038180436091362 0.0 -0.010021504293657335
363.99999999981395 -2.534988145589972 -2.597975590295797 0.0 0.2816653495097591 0.1673306211439495 0.0 -0.010025964763974968
364.99999999981304 -2.992589411574463 -2.62260044758403 0.0 0.3325099346191461 0.16973338306486532 0.0 -0.0100288260122839
365.99999999981213 -3.4135615266377197 -2.6162699855389877 0.0 0.37928461407061764 0.1686966650598613 0.0 -0.010030772543484676
366.9999999998112 -3.8017109770382 -2.5857250134695686 0.0 0.42241233078178103 0.16496944594103763 0.0 -0.010032159299625462
367.9999999998103 -4.160132561913353 -2.5357501383364336 0.0 0.4622369513234636 0.15908334870402333 0.0 -0.010033184561972188
368.9999999998094 -4.491358877361558 -2.469872974533849 0.0 0.49903987526215215 0.15143033050373686 0.0 -0.01003396600452764
369.9999999998085 -4.797481292299831 -2.3907765252705193 0.0 0.5330534769219596 0.14230850280781218 0.0 -0.01003457702591193
370.9999999998076 -5.080242812526267 -2.3005551838141813 0.0 0.5644714236137854 0.1319505759793309 0.0 -0.010035065348740286
371.9999999998067 -5.341108470189093 -2.200880565328854 0.0 0.5934564966874326 0.12054228503651722 0.0 -0.010035463111133288
372.99999999980577 -5.581318773589191 -2.093112854557066 0.0 0.6201465303985536 0.10823476161743045 0.0 -0.01003579261869291
373.99999999980486 -5.801930595062559 -1.9783779021659138 0.0 0.6446589550067052 0.09515310024063647 0.0 -0.010036069764353379
374.99999999980395 -6.003848743901741 -1.857622048221758 0.0 0.6670943048777236 0.08140244980239757 0.0 -0.010036306137280777
375.99999999980304 -6.18785058412762 -1.7316520338774968 0.0 0.6875389537917087 0.06707244820859132 0.0 -0.010036510365532374
376.9999999998021 -6.3546054065616575 -1.6011646743347259 0.0 0.70606726739549 0.05224051937050632 0.0 -0.010036688995316376
377.9999999998012 -6.504689798647163 -1.4667693459184075 0.0 0.722743310960545 0.03697437176869379 0.0 -0.010036847081468545
378.9999999998003 -6.638599923155979 -1.3290053332324 0.0 0.7376222136837459 0.021333925914693613 0.0 -0.010036988593134774
379.9999999997994 -6.756761379075315 -1.1883554395999014 0.0 0.7507512643414492 0.0053728266221943636 0.0 -0.010037116698405272
380.9999999997985 -6.859537146383701 -1.045256843817768 0.0 0.7621707940423802 -0.010860350686930899 0.0 -0.010037233968011743
381.9999999997976 -6.947233991343704 -0.9001099058132155 0.0 0.7719148879268241 -0.02732112157632499 0.0 -0.010037342523940538
382.99999999979667 -7.020107616647401 -0.7532854332304517 0.0 0.7800119574050125 -0.04396828519663139 0.0 -0.010037444150003932
383.99999999979576 -7.0783667717117025 -0.6051307895575246 0.0 0.7864851968566008 -0.06076324560473377 0.0 -0.010037540375852272
384.99999999979485 -7.122176485956327 -0.4559751327749411 0.0 0.7913529428837807 -0.0776694296916868 0.0 -0.010037632542339806
385.99999999979394 -7.1516605472790005 -0.3061340092608635 0.0 0.7946289496974104 -0.0946517767488059 0.0 -0.010037721853834421
386.99999999979303 -7.166903315770365 -0.15591348276466285 0.0 0.7963225906408945 -0.11167627969282748 0.0 -0.010037809421542084
387.9999999997921 -7.167950936489928 -0.005613947396732905 0.0 0.7964389929430677 -0.1287095614003746 0.0 -0.01003789630092932
388.9999999997912 -7.154811992968023 0.14446624663672622 0.0 0.7949791103295226 -0.145718471848536 0.0 -0.01003798352570829
389.9999999997903 -7.127457623523392 0.2940272375367678 0.0 0.7919397359467844 -0.16266969305965107 0.0 -0.01003807214049983
390.9999999997894 -7.085821104254202 0.44276405403920804 0.0 0.7873134560279856 -0.17952933933769938 0.0 -0.010038163234158258
391.9999999997885 -7.029796884561956 0.5903628600959112 0.0 0.7810885427288469 -0.19626254001066562 0.0 -0.01003825797580748
392.9999999997876 -6.959239042214255 0.7364969174814721 0.0 0.7732487824679908 -0.2128329908312829 0.0 -0.010038357655910973
393.99999999978667 -6.8739591040761345 0.8808221240783455 0.0 0.7637732337859764 -0.22920245823093488 0.0 -0.010038463735219907
394.99999999978576 -6.773723154382153 1.0229719580874934 0.0 0.7526359060421997 -0.24533021756528414 0.0 -0.010038577905294721
395.99999999978485 -6.6582481230967305 1.162551618040505 0.0 0.7398053470104857 -0.2611724020045071 0.0 -0.010038702165615802
396.99999999978394 -6.52719711032597 1.2991310906347673 0.0 0.7252441233692892 -0.27668123229275776 0.0 -0.01003883892431716
397.99999999978303 -6.380173555951447 1.432236796010819 0.0 0.7089081728832302 -0.2918040884456518 0.0 -0.010038991132671022
398.9999999997821 -6.2167140025975 1.5613413423024114 0.0 0.6907460002883472 -0.306482371366939 0.0 -0.01003916246824538
399.9999999997812 -6.0362791190382055 1.6858507512997922 0.0 0.6706976798928697 -0.32065008347775814 0.0 -0.010039357589207737
400.9999999997803 -5.8382425421573405 1.80508826835315 0.0 0.6486936157949951 -0.3342320298170193 0.0 -0.010039582494380365
401.9999999997794 -5.621876947127241 1.9182734995207114 0.0 0.6246529941249833 -0.3471414999467474 0.0 -0.010039845043596271
402.9999999997785 -5.38633655119872 2.024495057120292 0.0 0.5984818390218135 -0.3592772285689223 0.0 -0.01004015572655325
403.9999999997776 -5.130634973213596 2.1226740223582263 0.0 0.5700705525790212 -0.3705193358175809 0.0 -0.010040528826805563
404.99999999977666 -4.853616976719399 2.211514143447659 0.0 0.5392907751907767 -0.380723793716406 0.0 -0.010040984232406729
405.99999999977575 -4.5539220783833185 2.2894324066008416 0.0 0.505991342042322 -0.3897147118445365 0.0 -0.010041550339950366
406.99999999977484 -4.229937262655641 2.3544597482320087 0.0 0.4699930291836901 -0.39727330535910993 0.0 -0.010042268877631759
407.99999999977393 -3.8797350994118194 2.404094859644671 0.0 0.4310816777121535 -0.4031216510716277 0.0 -0.01004320324386069
408.999999999773 -3.5009925683262804 2.4350814858735146 0.0 0.3889991742582037 -0.40689794287483166 0.0 -0.010044453614043557
409.9999999997721 -3.090885623363889 2.4430553099552847 0.0 0.34343173592904813 -0.40811725666169385 0.0 -0.010046185855613992
410.9999999997712 -2.645957976840875 2.421956522518523 0.0 0.29399533075982326 -0.40610628027983037 0.0 -0.010048690603354957
411.9999999997703 -2.161980994854189 2.362993867350464 0.0 0.24022011053907957 -0.3998882074833785 0.0 -0.010052513724687684
412.9999999997694 -1.633899373985652 2.25268145815746 0.0 0.18154437488701902 -0.3879646064619331 0.0 -0.010058772242032932
413.9999999997685 -1.0562890416448576 2.068772228845585 0.0 0.11736544907137449 -0.36786358098283506 0.0 -0.010070001490914922
414.99999999976757 -0.42633933113932726 1.770897586545286 0.0 0.04737103679298125 -0.3350997318383566 0.0 -0.010092589815444614
415.99999999976666 0.23949572922649404 1.2771424107658782 0.0 -0.026610636580999717 -0.2805713789739772 0.0 -0.01014130852879759
416.99999999976575 0.8059991621862083 0.42637696731267627 0.0 -0.0895554624654132 -0.1863752185902876 0.0 -0.010164858221919912
417.99999999976484 0.782412774748932 -0.727791049483823 0.0 -0.08693475275016103 -0.05846766116845379 0.0 -0.00990605178399788
418.99999999976393 0.19239680343295243 -1.5532750853065675 0.0 -0.021377422603941886 0.03291945392296274 0.0 -0.009936292538947802
419.999999999763 -0.48113446687790185 -2.026741616526174 0.0 0.05345938520837439 0.08519351294736399 0.0 -0.009984096459460794
420.9999999997621 -1.1141038573273754 -2.3090381130630813 0.0 0.12378931748053731 0.1162264570070209 0.0 -0.010006187403990195
421.9999999997612 -1.6928260777243564 -2.4801806383156744 0.0 0.1880917864135344 0.134908959812865 0.0 -0.010017204706040266
422.9999999997603 -2.220992995510044 -2.5795703737679894 0.0 0.24677699950083215 0.14561893041867807 0.0 -0.010023363660942579
423.9999999997594 -2.70440320476035 -2.6289403729993843 0.0 0.30048924497308716 0.1507711525555001 0.0 -0.010027134857330144
424.9999999997585 -3.14830619858354 -2.6414744981215734 0.0 0.3498117998423296 0.15183049979129934 0.0 -0.010029610103334393
425.99999999975756 -3.5570457143137584 -2.625770901378426 0.0 0.39522730159013103 0.14975232237539496 0.0 -0.010031324403737696
426.99999999975665 -3.9341528906646337 -2.587757606508931 0.0 0.43712809896245 0.14519528961211817 0.0 -0.01003256325407044
427.99999999975574 -4.282503801324192 -2.531704369270859 0.0 0.47583375570240016 0.13863381880788864 0.0 -0.010033489890831929
428.99999999975483 -4.604459472177803 -2.4607969007216384 0.0 0.5116066080194674 0.13042187785797593 0.0 -0.010034203051480464
429.9999999997539 -4.901976181706028 -2.3774822478782154 0.0 0.5446640201892692 0.12083136087537384 0.0 -0.010034765304436293
430.999999999753 -5.176689522797956 -2.2836867098753086 0.0 0.5751877247550381 0.11007630109727357 0.0 -0.010035217876313111
431.9999999997521 -5.429978096887076 -2.180958935574393 0.0 0.6033308996538286 0.09832877061939466 0.0 -0.010035588848525859
432.9999999997512 -5.663011990086543 -2.070567128201449 0.0 0.6292235544537681 0.08572968091128985 0.0 -0.010035897904339248
433.9999999997503 -5.876789977786845 -1.9535670277927109 0.0 0.6529766641982454 0.07239633642143072 0.0 -0.010036159190340689
434.9999999997494 -6.072168354713056 -1.830850680887039 0.0 0.6746853727456015 0.058427853431912265 0.0 -0.010036383102290995
435.99999999974847 -6.249883490775277 -1.7031822241743595 0.0 0.694431498974737 0.04390913601939281 0.0 -0.010036577434172595
436.99999999974756 -6.410569635615992 -1.5712246776847738 0.0 0.7122855150681493 0.02891385307610601 0.0 -0.010036748137760029
437.99999999974665 -6.5547730822935595 -1.4355603827750925 0.0 0.7283081202545445 0.013506709197253029 0.0 -0.010036899837052618
438.99999999974574 -6.682963506217916 -1.296706866237197 0.0 0.7425515006905836 -0.0022547926402903882 0.0 -0.010037036184460122
439.99999999974483 -6.795543084273572 -1.1551293618458518 0.0 0.7550603426967666 -0.018318959794883807 0.0 -0.010037160112525423
440.9999999997439 -6.892853846173685 -1.0112508582981763 0.0 0.7658726495745561 -0.03463879352240292 0.0 -0.010037274015329254
441.999999999743 -6.975183598167537 -0.8654602989906305 0.0 0.7750203997960942 -0.05117107788990754 0.0 -0.010037379881766385
442.9999999997421 -7.04277067624809 -0.7181193926660103 0.0 0.7825300751383771 -0.06787562303708701 0.0 -0.010037479395436744
443.9999999997412 -7.09580772359939 -0.5695683786865314 0.0 0.7884230803996319 -0.08471462459036189 0.0 -0.01003757401116462
444.9999999997403 -7.134444639297849 -0.42013101009231785 0.0 0.7927160710327931 -0.10165210998971844 0.0 -0.010037665015105722
445.9999999997394 -7.158790808047669 -0.27011896108143674 0.0 0.7954212008938837 -0.11865344876870473 0.0 -0.0100377535734088
446.99999999973846 -7.168916690956105 -0.11983582618751548 0.0 0.7965462989948192 -0.13568490820136217 0.0 -0.010037840773095545
447.99999999973755 -7.164854832792207 0.030419148278179955 0.0 0.7960949814210511 -0.15271323869754994 0.0 -0.010037927657982866
448.99999999973664 -7.146600320102817 0.18034747691363018 0.0 0.7940667022333395 -0.16970527521259945 0.0 -0.010038015261958601
449.99999999973573 -7.114110705602582 0.32964787741620843 0.0 0.7904567450666459 -0.18662754193510772 0.0 -0.010038104641655256
450.9999999997348 -7.067305396231914 0.4780126295656034 0.0 0.785256155136571 -0.20344584772948437 0.0 -0.0100381969105066
451.9999999997339 -7.0060644840973705 0.6251237333356263 0.0 0.7784516093438433 -0.2201248592594864 0.0 -0.010038293276309765
452.999999999733 -6.93022698006771 0.7706487361590619 0.0 0.770025220007213 -0.23662763735097864 0.0 -0.010038395084771671
453.9999999997321 -6.839588387873197 0.914236078449674 0.0 0.7599542653189334 -0.25291511982771303 0.0 -0.010038503872147038
454.9999999997312 -6.7338975306864945 1.0555097747574997 0.0 0.748210836742633 -0.2689455305285824 0.0 -0.010038621431075808
455.9999999997303 -6.612852510505844 1.1940632018983648 0.0 0.7347613900558928 -0.28467368909978924 0.0 -0.010038749895266992
456.99999999972937 -6.476095640782877 1.3294516996705517 0.0 0.7195661823088959 -0.3000501888522539 0.0 -0.010038891851028547
457.99999999972846 -6.323207141337484 1.4611835961144064 0.0 0.702578571259407 -0.3150203995682371 0.0 -0.010039050487260193
458.99999999972755 -6.153697317106013 1.5887091350072577 0.0 0.6837441463447983 -0.3295232372229981 0.0 -0.010039229801162099
459.99999999972664 -5.966996852245682 1.7114065886401915 0.0 0.6629996502492054 -0.3434896209599903 0.0 -0.010039434885849272
460.99999999972573 -5.762444729431592 1.8285645524867986 0.0 0.6402716366031942 -0.3568405058318351 0.0 -0.010039672340534343
461.9999999997248 -5.539273117790931 1.9393589891904732 0.0 0.615474790865342 -0.3694843321322427 0.0 -0.010039950867949274
462.9999999997239 -5.2965883432292795 2.0428229326558105 0.0 0.5885098159140462 -0.3813136591839463 0.0 -0.010040282164591373
463.999999999723 -5.033346735769599 2.1378057341923284 0.0 0.559260748418525 -0.39220063713244785 0.0 -0.010040682281252666
464.9999999997221 -4.748323704562379 2.222917076584693 0.0 0.5275915227288331 -0.40199078628715484 0.0 -0.010041173761921082
465.9999999997212 -4.440073779199603 2.296448233409865 0.0 0.49334153102185757 -0.41049424815661784 0.0 -0.010041789115845547
466.9999999997203 -4.10687853861542 2.356258327303757 0.0 0.4563198376236136 -0.417473147478161 0.0 -0.010042576664210226
467.99999999971936 -3.746678352135734 2.399604891660386 0.0 0.41629759468142524 -0.4226227657400079 0.0 -0.010043610811765514
468.99999999971845 -3.3569829744115243 2.4228822117775732 0.0 0.3729981082676232 -0.42554246797525025 0.0 -0.010045011008296323
469.99999999971755 -2.9347565393665507 2.4211996265655227 0.0 0.326084059929292 -0.4256888473961329 0.0 -0.010046978857097807
470.99999999971664 -2.4762792050696008 2.387666049945316 0.0 0.275142133896297 -0.42229622777166537 0.0 -0.01004987596545132
471.9999999997157 -1.9770189046426057 2.3120973126013213 0.0 0.21966876718218534 -0.41423303473344286 0.0 -0.010054401385956136
472.9999999997148 -1.4316768867763028 2.1784919873209057 0.0 0.1590752096414841 -0.3997213319245076 0.0 -0.010062037197436615
473.9999999997139 -0.8351437567523045 1.959608050122823 0.0 0.09279375074992782 -0.37573422779138693 0.0 -0.010076284996665963
474.999999999713 -0.18801286502111408 1.6039936160617447 0.0 0.020890318335350155 -0.33655484622904425 0.0 -0.010106136363830183
475.9999999997121 0.4717235187175915 1.0041259109370055 0.0 -0.05241372430228475 -0.2702362123262949 0.0 -0.010165739305638702
476.9999999997112 0.8945136590692696 -0.004710453770260048 0.0 -0.09939040656358328 -0.15847661624770915 0.0 -0.010079460382191263
477.99999999971027 0.600495367591033 -1.096533707538161 0.0 -0.06672170751044683 -0.03749625471794192 0.0 -0.009896611032757546
478.99999999970936 -0.05202175064282871 -1.7719827430348323 0.0 0.005780194515536829 0.03722030478168873 0.0 -0.009957684045128527
479.99999999970845 -0.7154505305686994 -2.163003656751367 0.0 0.07949450339618817 0.08033373963908184 0.0 -0.00999403345032547
480.99999999970754 -1.3288754845002015 -2.3988919338253627 0.0 0.14765283161079845 0.10621021486952623 0.0 -0.010010985036240944
481.99999999970663 -1.8887161221752666 -2.5408544845118897 0.0 0.209857346908027 0.1216504982791412 0.0 -0.010019810932018633
482.9999999997057 -2.4000840184538026 -2.6202882614912633 0.0 0.26667600205008557 0.13014314016573858 0.0 -0.010024924020275392
483.9999999997048 -2.8686900353319027 -2.6551678041511604 0.0 0.3187433372587624 0.13368531157239408 0.0 -0.010028141194120124
484.9999999997039 -3.299459035828976 -2.656711343940692 0.0 0.36660655953621396 0.13352348266012068 0.0 -0.010030297428026701
485.999999999703 -3.696424072351848 -2.6323955229582867 0.0 0.4107137858165322 0.13048839143985405 0.0 -0.01003181552801103
486.9999999997021 -4.062862038601014 -2.5874631468725533 0.0 0.45142911539977215 0.125162571874773 0.0 -0.010032927192682872
487.9999999997012 -4.401448584539863 -2.5257419504219225 0.0 0.48904984272630997 0.1179713278247034 0.0 -0.010033767790995827
488.99999999970026 -4.714387482122809 -2.450119741588418 0.0 0.5238208313466365 0.1092355268432032 0.0 -0.010034420672182607
489.99999999969936 -5.003510804774621 -2.3628354657482435 0.0 0.5559456449746137 0.09920394063873963 0.0 -0.010034939442973824
490.99999999969845 -5.270354974950662 -2.265665665838028 0.0 0.5855949972163949 0.08807396287093831 0.0 -0.010035359871861205
491.99999999969754 -5.5162184364903535 -2.160048506057608 0.0 0.6129131596096925 0.07600538956200333 0.0 -0.010035706586922695
492.9999999996966 -5.742205669069361 -2.0471689512560496 0.0 0.63802285211847 0.06312988347294184 0.0 -0.010035997013900259
493.9999999996957 -5.949261084204982 -1.9280189109957975 0.0 0.6610290093557605 0.04955765677735876 0.0 -0.010036243781281859
494.9999999996948 -6.1381953838053995 -1.8034407509401256 0.0 0.6820217093113616 0.03538230566006235 0.0 -0.010036456238582472
495.9999999996939 -6.309706250803289 -1.6741594599614453 0.0 0.7010784723111264 0.020684384440209452 0.0 -0.01003664144315489
496.999999999693 -6.464394729626304 -1.5408069014889496 0.0 0.7182660810692375 0.005534100165488139 0.0 -0.010036804818431715
497.9999999996921 -6.602778289201941 -1.403940431161735 0.0 0.733642032133197 -0.010006618759757486 0.0 -0.010036950603393179
498.99999999969117 -6.725301300321924 -1.2640574362052313 0.0 0.7472557000354162 -0.025882507088257397 0.0 -0.01003708216612712
499.99999999969026 -6.83234347145958 -1.1216068799264742 0.0 0.759149274606266 -0.042043680008118756 0.0 -0.010037202227010194
