1.000000000000000000e+04 3.473542341526519861e-02 4.926825544926261707e-02
2.154434690031882201e+04 3.054157218628719694e-02 7.180633631213564905e-02
4.641588833612782037e+04 2.684098357050452785e-02 1.041801067543461773e-01
1.000000000000000000e+05 2.357076882276843560e-02 1.500530821270917858e-01
2.154434690031882201e+05 2.067341047865459483e-02 2.136794771419874284e-01
4.641588833612772287e+05 1.809900038809831788e-02 2.991174909773892110e-01
1.000000000000000000e+06 1.580255407503234136e-02 4.086224111651882152e-01
2.154434690031882375e+06 1.374736778783958689e-02 5.404888908939260439e-01
4.641588833612772636e+06 1.190367567917205611e-02 6.876257597543351530e-01
1.000000000000000000e+07 1.024954501940491397e-02 8.385455227964713210e-01
2.154434690031882375e+07 8.769085769728330801e-03 9.808572776734950649e-01
4.641588833612772822e+07 7.449541138421734640e-03 1.105058406584033648e+00
1.000000000000000000e+08 6.280616170763260453e-03 1.206385276484022828e+00
2.154434690031877756e+08 5.252911125485123893e-03 1.284450947681930133e+00
4.641588833612772822e+08 4.357250064683053196e-03 1.341758882052726642e+00
1.000000000000000000e+09 3.584233247089263150e-03 1.382144913902531469e+00
2.154434690031877995e+09 2.924460931435963768e-03 1.409639546659400500e+00
4.641588833612772942e+09 2.367414359637775266e-03 1.427822576085454154e+00
1.000000000000000000e+10 1.902798576972833042e-03 1.439562430599887533e+00
2.154434690031877899e+10 1.518975808538162954e-03 1.446996446141043169e+00
4.641588833612772369e+10 1.205651099611901702e-03 1.451632470788513096e+00
1.000000000000000000e+11 9.518580853816300223e-04 1.454489939028497991e+00
2.154434690031877747e+11 7.481970245795602084e-04 1.456235960216213821e+00
4.641588833612772827e+11 5.859395860284606237e-04 1.457296180180577938e+00
1.000000000000000000e+12 4.574764553686933911e-04 1.457937141166276040e+00
